274
45
696
538
124
684
943
504
314
382
795
453
249
703
626
575
824
753
251
280
633
485
316
557
42
752
209
37
946
307
53
331
10
89
908
408
728
450
390
802
160
731
526
204
350
415
849
203
286
642
795
612
398
462
314
243
935
355
273
994
565
761
844
951
912
324
303
91
902
143
994
345
913
266
258
527
491
244
914
996
805
614
622
98
109
949
929
205
894
772
612
325
535
790
61
246
836
43
918
854
63
194
169
737
916
683
560
190
609
997
396
698
646
686
201
892
788
338
920
819
349
847
175
833
195
116
674
240
480
819
696
355
485
253
299
297
705
222
982
438
345
884
395
455
487
845
592
501
311
542
939
319
837
88
58
751
709
471
852
48
186
150
406
543
530
356
992
466
985
999
985
69
522
331
597
448
334
760
373
33
205
15
127
484
669
55
953
384
737
118
597
835
958
904
567
30
517
498
668
74
376
723
775
921
85
577
746
34
823
570
458
623
319
660
884
982
59
876
659
137
320
451
530
729
389
987
708
788
500
3
280
208
508
104
666
2
438
27
560
232
359
34
782
907
1000
300
605
345
232
842
266
859
417
185
299
871
963
674
168
679
689
824
547
895
112
78
384
506
84
432
24
913
88
324
369
248
574
927
397
11
55
121
791
535
768
302
464
896
856
92
308
906
875
204
762
451
560
902
737
87
941
460
987
151
484
46
397
245
549
936
549
834
157
233
584
737
454
211
111
812
305
951
345
638
856
471
42
72
3
673
784
467
224
989
951
874
579
598
611
904
216
725
759
494
464
650
711
291
580
822
481
271
249
875
553
113
952
256
813
291
455
153
299
484
554
504
704
551
233
554
295
612
6
716
193
213
903
197
889
665
888
484
482
518
592
903
472
17
808
496
407
835
392
608
981
517
174
216
704
121
362
533
142
421
916
849
421
160
596
530
726
564
907
77
528
41
74
24
496
553
353
151
42
432
990
682
342
138
252
140
930
581
912
891
566
53
8
1000
688
65
379
386
905
825
668
510
52
282
987
766
54
521
969
348
303
700
820
291
117
552
287
357
245
235
399
792
175
740
107
178
910
771
835
757
379
376
404
309
890
89
562
94
907
492
997
571
840
42
681
229
150
598
6
610
604
619
450
606
928
547
920
410
599
353
178
477
161
930
18
441
445
79
329
234
330
152
489
958
859
158
367
296
269
992
138
52
898
3
982
668
940
688
397
555
236
795
660
16
210
856
541
431
761
383
321
241
768
563
479
27
500
66
879
839
118
833
753
662
784
543
917
951
853
148
970
902
909
552
610
782
388
872
145
125
469
843
315
35
28
746
45
450
156
245
915
811
810
409
488
920
760
981
876
577
196
400
679
596
718
601
873
349
684
802
356
486
907
67
517
430
793
351
4
500
404
905
379
650
26
930
625
75
628
560
726
203
451
358
472
86
398
685
423
312
362
672
461
253
906
88
444
488
707
905
209
817
501
191
65
671
48
775
689
672
25
45
85
501
421
893
559
628
736
250
456
506
251
663
952
944
424
927
813
288
348
323
755
240
724
47
531
521
407
653
166
4
770
804
151
41
239
4
937
879
67
955
574
503
29
159
737
778
955
210
851
691
401
201
581
579
136
822
299
143
591
162
750
390
784
354
767
304
122
912
538
55
203
585
509
538
258
741
174
145
798
916
97
922
549
617
348
547
841
676
289
792
332
412
696
475
347
18
685
355
470
44
325
452
823
27
146
38
341
211
856
727
108
976
217
987
40
465
502
609
824
293
467
374
295
399
465
773
423
37
304
75
49
646
109
133
826
992
252
345
602
77
714
328
64
895
596
246
551
195
546
557
320
917
714
948
661
960
19
630
27
430
209
557
461
850
306
780
574
570
332
426
73
944
532
694
137
118
243
78
778
439
262
267
593
614
59
385
25
655
701
810
62
216
194
338
103
395
10
274
690
411
839
19
721
574
416
708
580
131
459
159
806
279
305
749
774
625
929
612
507
73
825
653
349
77
490
670
737
47
453
676
60
347
809
445
151
826
986
623
920
215
394
66
168
392
772
563
275
804
551
284
139
375
591
29
257
1000
282
43
489
19
912
311
704
832
743
538
455
597
912
940
940
899
437
637
10
340
605
646
615
526
204
936
534
573
529
563
435
191
97
761
630
954
569
463
455
721
965
762
768
427
361
818
815
947
567
57
918
111
83
278
493
274
835
305
562
286
622
625
847
417
345
761
515
488
640
507
769
357
319
104
483
849
712
592
800
70
930
908
289
579
911
861
483
315
393
372
324
175
561
81
627
136
459
440
492
94
323
531
745
137
509
992
321
661
334
726
878
251
454
482
462
23
3
635
699
913
136
40
948
277
424
895
260
354
367
406
339
68
626
206
8
852
999
613
155
195
388
409
751
877
597
743
493
31
682
900
927
124
494
608
700
471
553
834
562
658
183
674
350
296
160
221
229
303
454
688
39
283
441
942
623
531
244
553
529
760
504
511
83
951
714
421
16
785
861
545
157
188
832
713
567
355
448
337
725
101
270
132
911
656
411
748
445
694
829
352
936
314
170
308
860
100
474
941
587
983
468
609
991
183
931
411
658
185
221
573
493
976
760
169
436
942
691
946
378
654
60
631
271
551
645
269
310
304
786
173
359
130
114
788
355
954
771
359
682
871
680
201
178
1
277
911
873
55
315
922
788
628
868
324
483
299
80
270
760
473
578
708
138
248
875
587
993
5
173
901
59
577
27
338
496
800
205
98
657
623
738
829
864
944
33
395
645
907
716
510
352
241
860
927
457
441
204
605
908
674
518
861
555
408
510
838
956
510
950
53
623
701
47
141
257
598
73
424
704
556
227
219
236
188
642
321
256
123
367
250
386
511
637
825
501
770
732
943
250
747
947
504
390
768
344
741
35
127
243
632
514
354
44
658
558
703
552
788
1
932
757
154
479
317
936
732
330
821
102
39
949
998
339
241
917
895
730
787
253
30
398
845
630
900
887
914
606
99
886
448
753
237
476
718
653
816
201
458
847
990
245
139
211
88
534
612
83
648
54
949
894
649
131
532
719
275
228
576
569
375
226
967
653
729
85
722
995
54
748
433
545
734
564
20
783
781
289
263
816
611
526
650
144
695
996
192
325
84
453
345
949
824
651
561
851
526
614
824
321
892
409
761
21
661
718
910
338
54
142
270
921
270
462
232
154
422
27
308
892
991
158
240
87
748
908
711
626
914
253
652
140
96
107
739
429
757
569
126
502
433
126
858
11
466
453
403
142
231
430
645
109
668
302
315
183
167
361
496
523
224
72
803
739
121
962
261
830
444
531
969
657
23
791
21
831
668
115
933
590
246
603
11
238
857
401
122
397
226
298
254
499
738
147
682
59
437
573
549
410
459
624
245
886
354
298
287
102
295
163
683
285
507
195
205
226
757
894
837
424
921
390
421
313
133
867
778
701
749
653
951
645
733
22
119
342
98
561
568
396
269
470
378
320
525
591
788
148
264
274
790
841
850
975
212
872
96
135
597
813
819
343
834
811
451
320
666
464
360
761
392
898
922
165
69
539
314
444
906
679
429
512
182
878
913
958
306
508
551
562
259
685
990
400
990
5
913
487
149
551
377
231
850
196
579
658
69
876
232
921
602
422
761
212
209
886
332
468
120
334
380
551
353
225
767
918
369
547
393
900
968
621
34
109
84
211
70
847
628
896
603
682
1
68
742
41
162
467
317
800
685
608
139
748
307
766
592
764
234
845
809
780
315
11
841
518
905
665
304
411
707
907
512
249
952
722
288
551
70
176
25
831
645
115
698
762
306
324
832
239
800
668
45
113
764
947
179
734
81
827
53
974
132
985
701
862
449
888
803
815
165
707
259
294
155
67
452
387
199
761
747
484
462
728
482
448
575
735
473
98
544
784
619
615
555
560
925
706
850
738
20
310
855
465
346
689
229
397
80
686
917
641
904
131
803
357
46
372
321
224
889
613
147
520
108
282
290
762
303
784
686
367
1000
944
802
726
26
539
568
566
854
125
27
514
449
988
249
741
699
116
688
785
192
692
972
101
327
11
383
981
981
10
625
436
326
622
182
128
454
106
570
802
859
52
343
487
146
275
577
698
203
972
717
171
335
473
995
209
888
326
334
683
461
394
284
524
174
326
196
403
717
131
44
851
233
601
795
681
75
116
82
986
230
416
277
744
655
908
597
588
871
167
746
527
148
920
967
550
683
785
739
18
872
48
337
905
506
564
5
793
187
685
633
744
818
624
505
639
352
257
725
24
571
662
704
827
332
426
931
510
79
735
873
681
425
123
839
366
462
335
311
771
115
109
99
525
277
98
205
131
806
907
329
222
354
741
983
230
887
922
137
468
615
299
262
221
244
271
84
528
147
883
449
492
788
187
800
896
117
127
189
42
418
908
22
746
584
421
780
887
945
426
150
120
442
411
416
322
981
371
265
976
861
638
802
334
80
763
614
399
648
822
973
94
646
398
101
243
58
814
741
384
339
161
386
401
60
483
173
18
556
421
301
247
562
988
423
443
102
687
643
616
296
727
106
18
958
51
579
621
411
329
186
201
863
205
374
259
153
752
566
373
592
192
816
851
654
310
64
487
318
775
181
350
656
123
805
235
116
487
708
627
361
464
619
461
561
854
408
452
913
403
446
548
97
419
236
309
806
704
529
700
568
983
649
98
169
484
746
421
720
21
454
795
175
370
410
320
751
324
827
704
763
701
326
566
919
462
577
315
649
709
630
837
522
180
594
739
352
597
854
872
929
70
222
280
145
147
406
201
161
839
132
552
394
396
228
349
436
641
81
402
981
228
848
926
796
402
372
115
557
297
588
234
639
22
93
150
743
741
751
247
299
504
501
504
876
284
961
492
158
407
792
120
329
963
996
250
471
358
591
729
966
767
128
568
492
755
999
412
359
828
412
226
716
361
603
779
366
763
952
905
716
991
377
731
51
224
691
118
220
48
942
766
486
299
57
393
3
525
295
439
238
846
101
747
51
979
938
110
571
183
597
93
974
467
782
993
468
688
344
151
389
975
511
497
678
608
378
355
281
517
739
603
943
186
696
177
414
487
264
48
802
481
28
896
904
339
18
617
781
561
638
236
313
14
688
463
145
144
812
480
493
64
3
976
857
226
945
798
830
356
982
67
127
662
868
368
37
781
566
98
612
932
31
186
436
917
363
756
443
925
697
577
208
656
710
192
338
956
603
16
453
745
69
897
300
552
329
594
750
329
454
67
878
821
516
459
535
935
742
829
448
155
483
135
521
291
275
364
513
456
708
472
811
150
573
691
774
380
161
336
852
101
914
258
733
734
746
436
639
373
41
699
478
555
390
841
893
90
299
465
713
227
907
981
409
852
183
613
574
364
285
858
805
287
76
689
267
669
446
356
341
931
635
400
287
705
306
120
811
576
592
259
251
134
903
713
484
650
297
313
294
706
317
95
342
938
545
517
965
885
605
372
887
315
276
937
304
786
795
544
92
455
566
679
351
74
137
40
116
158
777
463
371
132
810
710
383
430
890
634
984
353
985
803
45
56
400
935
876
151
88
666
818
16
291
121
752
107
812
342
827
386
761
825
485
861
268
500
346
857
771
770
583
359
384
359
768
397
723
347
915
50
840
683
212
88
395
268
427
658
529
17
297
80
986
552
688
32
206
112
635
789
766
964
647
467
739
865
375
33
456
36
942
368
598
304
480
104
515
282
166
438
25
291
540
129
372
117
557
101
891
939
268
485
473
811
324
619
770
68
666
641
283
337
351
494
992
685
861
652
273
206
64
986
809
756
164
954
835
631
904
134
482
222
610
1000
195
307
657
380
647
245
116
585
690
126
95
434
209
356
737
679
772
592
451
198
563
171
952
465
296
613
47
935
819
203
939
67
534
1000
233
691
661
225
311
696
917
193
307
442
103
387
440
300
300
31
168
434
961
335
807
952
823
205
821
387
202
225
958
762
684
918
372
545
708
244
306
944
391
410
220
88
568
193
435
974
640
214
312
640
551
348
669
248
601
564
9
488
823
486
439
366
473
274
670
916
977
222
335
94
24
846
278
680
629
87
244
958
755
178
150
136
419
120
140
698
462
194
387
661
513
126
242
460
708
332
318
785
504
822
676
134
262
794
784
826
982
463
420
421
890
825
38
230
897
3
710
729
891
549
715
698
481
338
834
839
563
89
723
122
767
396
212
433
681
730
790
111
385
263
720
259
474
780
868
76
592
183
9
590
518
544
898
349
275
484
535
409
692
854
982
498
866
131
76
131
293
17
33
712
676
512
149
842
446
702
143
642
362
863
708
155
508
558
379
651
661
880
681
460
499
949
315
260
255
806
752
199
471
121
656
638
96
358
648
884
42
891
780
739
101
324
119
773
204
666
608
831
100
597
876
452
856
573
545
662
992
25
737
840
375
117
28
812
775
993
739
72
229
862
462
638
880
189
938
588
898
379
863
186
207
843
915
889
894
319
785
626
503
173
73
314
263
39
821
527
149
93
115
946
116
546
980
587
280
597
942
479
199
370
310
164
110
949
165
798
977
574
57
931
625
55
426
934
244
653
8
414
818
456
28
960
321
831
659
166
790
944
783
538
533
327
276
151
325
10
699
225
726
664
36
161
711
704
567
54
929
139
170
529
733
331
374
100
92
832
362
812
19
799
485
862
33
52
511
325
92
336
307
322
758
528
574
760
458
473
9
829
604
396
853
986
175
164
499
536
430
775
550
57
629
681
529
132
229
988
683
420
90
670
66
633
653
368
13
830
360
448
242
702
257
113
837
150
610
80
591
751
569
185
622
110
632
912
665
512
952
804
323
737
412
464
93
827
950
986
917
578
444
405
230
382
189
547
623
930
434
934
133
237
472
170
606
331
503
7
484
310
584
848
76
231
191
585
814
899
580
894
131
21
851
17
599
727
341
420
155
602
5
903
72
724
168
657
253
540
958
402
26
615
949
763
919
152
477
624
598
783
326
476
295
953
885
124
377
101
413
161
125
340
73
287
897
91
96
359
674
3
475
391
179
872
876
506
307
746
160
168
542
358
757
780
126
104
123
689
313
593
320
530
633
422
891
485
543
625
533
28
973
289
834
312
218
456
237
552
783
310
629
496
558
37
909
736
52
519
426
595
65
474
849
940
919
614
520
428
893
517
175
848
358
944
464
6
890
452
342
420
151
178
967
427
31
220
721
361
682
95
846
956
594
655
581
299
31
771
365
398
346
214
737
102
88
487
271
495
779
152
28
285
667
866
909
657
923
592
448
913
641
54
203
290
505
316
32
876
24
554
793
702
92
370
178
780
190
459
965
827
494
546
518
377
349
47
524
335
740
860
398
254
64
482
500
646
653
54
781
829
672
469
457
69
586
167
613
473
7
40
988
22
888
638
961
916
750
652
483
760
804
183
864
556
662
190
941
12
343
107
300
866
512
559
631
135
791
645
719
725
330
159
214
90
184
47
606
702
184
30
994
709
161
894
217
24
583
589
673
688
22
179
647
727
860
734
562
894
360
303
342
963
26
538
242
493
343
200
716
208
843
500
723
15
732
628
707
756
256
600
452
224
832
529
50
544
458
100
446
642
951
206
394
742
219
197
733
789
712
269
652
194
793
907
144
567
644
916
12
242
156
28
561
526
36
126
297
242
658
470
232
621
363
31
30
157
710
176
825
230
653
833
183
920
899
221
134
652
782
954
441
151
483
423
915
878
821
311
140
956
426
832
728
363
501
693
400
685
624
368
504
52
828
473
277
419
602
454
82
207
425
928
950
364
13
430
3
149
828
131
473
146
389
181
591
788
167
323
448
110
727
170
407
23
94
676
937
576
912
310
1
887
955
703
340
351
966
288
95
740
214
94
613
418
841
519
434
275
473
977
78
158
638
498
327
176
825
324
735
325
525
913
693
887
283
216
409
621
418
739
700
888
857
562
152
519
274
871
130
606
408
468
870
81
11
109
313
441
433
661
834
465
61
761
614
76
604
813
895
80
101
238
319
173
946
891
437
828
297
464
389
6
660
873
401
874
736
784
633
70
272
996
150
984
358
481
368
274
196
699
818
743
650
534
727
704
394
187
289
160
74
140
937
533
378
204
905
45
485
853
440
815
613
610
872
587
839
107
792
695
780
61
869
496
958
494
365
529
88
610
380
473
789
503
775
131
710
633
400
763
702
924
304
651
944
3
709
779
500
562
204
252
688
811
997
107
890
400
303
374
440
953
273
255
363
704
511
706
18
905
504
152
938
968
740
251
980
842
84
7
641
823
261
789
25
533
711
937
394
201
87
151
849
114
668
464
324
796
766
81
373
794
284
979
230
425
306
908
371
340
596
276
737
859
136
718
255
407
199
657
453
559
85
603
872
5
736
892
401
74
299
368
167
272
56
482
96
537
344
270
760
423
67
414
780
550
364
683
418
957
463
237
791
874
517
146
651
505
562
685
64
622
621
244
745
284
640
166
313
3
284
150
109
891
471
565
176
161
476
505
633
623
221
376
949
627
193
760
632
769
512
27
747
135
539
909
571
603
538
682
673
967
378
749
215
331
918
485
433
27
484
443
828
631
736
225
599
401
960
61
618
977
379
889
566
942
712
289
572
666
924
93
765
10
110
640
431
322
889
988
761
432
822
954
732
138
543
539
951
942
541
765
41
893
99
220
757
191
677
565
410
97
387
237
148
955
367
71
620
627
89
657
11
110
686
721
239
849
528
942
310
441
349
224
900
522
862
798
747
951
676
524
835
161
646
124
424
171
883
32
301
45
890
599
859
629
444
723
852
946
843
347
114
114
108
585
356
815
368
890
63
86
956
55
366
257
423
779
546
242
199
864
536
520
434
596
119
882
571
97
50
783
66
650
76
740
278
321
702
167
910
489
592
870
565
25
243
335
197
629
107
935
766
81
275
348
352
681
28
552
593
981
95
55
570
410
432
116
192
825
69
667
722
59
328
24
8
513
169
830
240
401
963
652
436
14
729
303
751
270
131
274
789
806
20
182
982
397
786
769
712
140
180
743
508
760
327
865
732
511
168
263
383
282
69
378
130
852
114
76
256
116
454
937
660
757
301
175
71
518
260
333
22
197
894
47
851
193
460
304
761
381
77
865
769
570
675
173
989
853
364
494
156
648
917
685
786
637
296
741
504
569
830
52
240
554
865
320
808
36
556
197
914
397
984
407
379
851
407
466
671
615
390
829
266
148
328
913
437
67
468
270
727
92
652
289
338
976
858
122
533
439
426
770
350
504
1000
597
339
656
855
218
215
135
837
686
909
818
889
75
375
900
523
897
900
561
824
40
970
332
501
817
505
5
891
928
55
702
519
97
95
51
862
201
920
619
674
378
978
162
658
344
371
776
292
129
958
954
421
971
744
269
160
584
80
69
208
736
598
546
946
279
418
865
94
369
532
697
939
223
422
791
432
948
217
965
332
318
632
472
152
160
436
691
971
259
832
633
738
498
857
224
997
405
88
186
363
841
928
169
129
900
301
517
374
319
821
551
883
524
575
853
300
708
576
732
770
310
382
601
651
659
933
180
949
476
734
383
41
37
22
249
895
449
592
495
299
77
640
929
541
906
816
74
840
622
531
31
526
309
382
320
117
38
442
111
374
190
145
445
776
311
341
986
28
232
270
53
474
175
656
312
699
277
966
914
115
69
900
25
428
266
68
574
222
893
630
789
466
383
453
32
903
308
941
568
31
256
511
247
341
895
816
996
737
933
573
749
780
334
38
944
61
743
299
701
962
43
980
648
508
901
398
590
590
131
684
50
495
460
592
547
261
191
480
519
991
498
773
123
849
496
20
624
804
906
353
619
351
271
194
413
912
866
203
103
92
117
463
420
362
531
214
341
811
128
750
956
844
78
271
393
927
787
465
92
630
191
188
97
674
472
927
415
246
587
198
56
307
682
102
78
485
19
910
543
198
954
12
983
747
19
130
604
190
292
801
391
827
409
684
196
958
907
888
541
952
969
30
26
102
459
17
732
45
614
490
922
645
969
46
269
507
627
449
447
496
53
407
174
446
622
161
19
228
200
731
691
60
767
456
838
74
850
542
703
144
605
409
190
517
191
572
970
574
948
647
619
937
85
93
507
823
399
511
549
806
135
438
57
284
989
212
439
77
991
405
619
806
969
391
383
751
653
215
833
681
379
183
271
311
392
722
696
499
61
115
875
413
342
775
817
908
306
587
183
844
430
509
903
658
17
592
301
532
770
937
633
411
526
978
86
505
263
807
967
272
757
982
815
665
537
278
578
962
898
574
427
258
360
954
996
421
158
528
72
7
768
568
832
574
644
924
985
567
852
421
322
271
66
173
293
858
620
334
511
710
514
457
568
172
195
61
976
354
666
184
910
224
659
634
575
50
258
121
557
843
144
165
917
867
801
161
885
789
223
100
171
19
889
673
156
173
466
22
594
86
66
584
843
194
225
510
466
378
769
335
40
355
140
333
570
23
505
262
235
846
988
153
421
983
625
894
62
208
400
393
285
795
102
417
225
968
825
723
383
501
512
793
431
325
15
316
324
586
620
457
84
700
997
131
556
311
787
844
746
202
74
266
531
858
563
384
782
338
927
139
323
612
14
384
864
19
110
947
856
774
252
558
670
255
429
76
380
801
143
453
734
384
12
747
469
806
346
413
189
103
629
921
750
479
616
436
876
516
431
810
829
500
422
788
176
488
2
556
122
174
381
972
960
281
105
982
49
873
604
262
608
990
233
919
113
378
540
770
537
389
290
656
229
597
601
325
82
189
392
95
600
253
729
814
637
738
282
701
359
461
244
388
19
580
536
225
777
171
203
352
453
604
370
487
303
364
62
239
524
48
751
529
839
178
149
580
31
755
667
58
75
234
57
909
980
99
116
692
476
265
236
126
683
252
963
203
322
239
555
53
144
441
299
394
364
864
539
120
184
539
160
67
558
507
686
918
912
227
202
542
995
463
389
461
640
885
307
861
145
1000
845
717
254
196
820
998
880
415
39
28
302
87
772
185
124
149
823
376
764
585
230
944
914
674
189
777
242
36
866
416
532
729
236
335
101
643
547
137
298
545
366
241
453
786
387
376
398
351
845
797
919
475
712
898
729
832
866
286
267
276
124
508
503
435
126
252
70
10
753
576
416
398
231
510
62
354
133
167
895
347
919
237
70
341
645
585
592
108
115
487
909
986
102
570
136
270
825
283
992
898
559
259
232
63
983
967
465
378
332
831
780
90
64
336
62
49
963
261
332
817
233
34
87
839
767
55
273
787
228
398
526
720
47
57
62
816
823
929
113
357
3
257
640
627
401
323
830
87
862
288
947
421
352
834
216
436
653
882
652
261
889
993
928
805
617
203
67
195
37
837
897
291
688
587
30
518
849
175
3
49
707
144
501
575
103
571
450
403
572
639
443
240
824
895
887
332
897
940
246
596
188
569
774
719
37
176
789
608
754
631
486
832
685
452
116
26
986
991
286
502
292
878
113
898
584
525
908
562
147
680
376
266
881
832
670
166
779
246
212
58
442
861
786
118
219
729
775
797
403
704
991
577
101
577
165
706
989
870
326
539
591
911
125
528
859
896
483
568
667
757
382
431
148
546
906
177
890
869
495
373
645
709
432
416
136
370
79
419
152
85
435
651
85
912
195
456
940
140
421
51
751
876
236
655
636
313
652
206
4
575
645
749
63
484
31
335
866
531
13
137
603
733
378
156
11
461
603
627
97
459
268
692
361
501
431
529
664
969
113
190
815
6
220
32
826
680
938
676
383
33
701
751
872
836
154
247
485
990
9
52
873
261
709
268
635
222
934
562
758
715
912
338
399
179
544
917
81
460
363
525
991
461
9
937
547
206
597
978
674
948
673
482
645
306
551
631
418
886
112
558
575
770
275
325
37
402
484
101
955
944
457
295
560
928
559
855
932
964
772
251
817
917
230
89
734
786
873
16
187
132
438
674
609
128
513
600
186
500
261
461
556
900
243
593
540
390
235
852
121
476
876
945
477
895
190
280
402
323
278
896
19
830
743
72
775
563
966
24
131
961
612
374
993
278
541
59
842
100
942
997
314
103
657
912
251
945
888
163
515
889
808
718
267
86
904
92
140
15
306
418
499
935
407
482
130
618
860
776
569
283
7
480
516
990
764
69
68
637
637
808
281
467
704
550
560
664
653
815
916
756
273
412
554
704
399
633
930
553
632
249
414
672
678
85
2
996
892
384
977
294
455
111
614
384
583
582
987
491
716
150
603
517
308
526
57
893
176
276
629
943
777
885
314
565
533
9
379
994
895
268
903
134
214
849
832
800
643
675
110
585
904
85
585
121
187
75
108
328
203
366
472
493
864
833
619
131
887
645
432
227
320
153
846
40
355
721
296
188
70
135
816
751
732
827
282
591
672
827
463
884
214
410
431
991
41
59
573
914
160
212
648
913
197
609
774
989
772
917
26
762
551
227
97
728
724
874
668
761
569
822
798
450
5
320
953
860
569
220
454
329
880
583
509
438
687
658
187
675
856
884
150
39
328
513
604
467
467
25
714
251
251
452
302
294
982
243
254
983
134
664
499
479
840
249
948
30
734
933
977
380
41
156
634
107
276
375
835
596
316
997
450
821
423
897
31
565
522
91
893
683
209
493
64
177
655
705
65
706
807
10
436
183
986
521
838
956
753
367
628
37
71
192
444
67
12
531
230
994
373
110
420
995
418
189
779
843
993
466
705
956
876
199
570
465
470
603
905
823
241
625
110
516
130
273
883
534
951
96
709
652
712
22
878
194
500
425
73
590
671
102
870
47
742
781
818
439
100
434
726
884
502
253
958
668
843
50
188
756
365
796
821
368
515
135
158
648
543
436
860
315
462
417
722
844
437
650
224
204
778
355
919
842
392
464
504
269
750
500
460
605
445
163
203
64
988
864
343
961
560
301
321
366
785
863
260
747
623
901
52
455
942
45
1
974
959
453
831
324
919
162
540
405
420
349
683
80
743
640
61
950
594
714
199
386
207
111
476
286
453
733
936
380
401
166
243
658
924
732
675
36
699
976
182
222
901
716
664
887
679
211
373
147
283
100
896
433
262
45
984
875
760
646
739
604
293
116
791
365
343
169
333
303
2
830
245
286
950
674
181
477
131
968
853
346
425
783
871
277
456
40
526
601
121
111
137
56
673
216
991
559
135
547
268
759
346
993
858
410
691
50
449
303
518
491
733
990
771
390
749
351
189
535
286
694
772
282
403
843
704
300
399
114
740
471
816
668
700
441
429
738
134
234
285
455
896
670
257
662
29
924
389
964
878
948
883
886
236
305
697
632
542
620
920
206
698
28
110
696
189
837
183
716
315
277
930
751
760
454
869
366
513
188
557
241
450
824
732
698
623
25
30
408
784
857
804
71
500
571
267
266
175
15
636
940
662
794
725
270
120
406
496
980
53
651
598
275
970
529
331
224
959
106
896
19
758
517
8
759
416
38
890
535
862
183
216
331
954
495
756
448
698
982
490
950
883
663
82
10
991
767
907
965
902
880
405
669
812
495
201
327
167
680
972
381
964
31
314
456
970
12
373
316
123
848
252
85
334
937
87
632
586
375
154
490
224
983
880
101
414
983
916
7
950
107
490
191
730
698
977
347
510
530
937
116
267
659
88
822
13
61
789
576
692
44
513
392
403
485
632
634
536
280
762
332
543
552
620
785
846
869
578
505
8
538
978
969
506
282
371
448
689
17
451
277
647
578
685
796
691
564
331
978
625
440
796
845
926
100
641
419
90
892
158
246
864
347
137
828
451
587
639
199
820
616
578
308
55
240
343
929
694
619
297
143
559
22
34
607
657
850
791
42
624
812
279
167
381
237
940
558
601
935
678
75
736
977
510
499
417
120
728
767
943
275
691
64
538
823
969
214
429
181
707
642
537
232
185
719
237
548
37
142
657
908
447
919
62
40
276
626
952
857
287
388
684
614
425
249
96
792
88
991
107
821
934
154
447
236
643
227
300
990
414
50
575
138
752
485
820
379
241
70
140
978
734
927
775
462
14
295
406
600
670
261
730
455
182
219
212
647
736
103
202
694
928
95
802
415
725
91
650
403
435
240
663
694
913
853
969
160
373
559
981
876
831
190
660
843
597
313
808
108
115
698
453
639
397
676
327
629
603
883
790
652
488
967
49
241
695
319
723
180
942
484
514
526
442
538
554
304
621
487
565
640
633
308
619
692
649
442
853
723
573
313
782
711
270
578
666
751
611
694
414
635
673
67
232
244
308
537
417
484
278
780
750
305
910
993
609
362
609
356
872
855
798
65
425
230
789
811
568
233
830
969
37
784
469
57
830
524
537
249
567
581
327
748
324
133
873
874
676
138
380
677
514
696
51
138
247
488
526
202
476
691
753
801
481
623
337
359
427
676
442
545
696
885
538
380
729
619
247
218
605
630
990
209
788
301
92
571
516
912
45
981
133
785
533
190
885
390
709
728
43
857
52
872
396
949
945
331
614
434
997
34
221
160
952
566
737
916
391
868
399
689
301
496
578
207
926
590
565
961
261
812
583
135
667
365
73
164
534
577
616
152
643
136
235
885
316
296
175
427
113
129
308
702
932
640
107
905
534
905
668
659
714
600
803
141
774
942
788
147
448
132
556
388
239
409
683
33
440
300
903
468
69
651
545
294
653
804
218
792
36
640
675
748
465
957
42
606
663
711
977
441
877
989
217
887
624
40
7
848
425
229
714
719
781
82
921
864
745
740
125
419
697
798
135
333
406
912
929
64
252
458
96
903
181
442
742
489
312
863
863
888
898
275
554
513
698
826
163
702
832
264
101
275
755
153
743
913
82
298
872
442
877
617
915
487
754
410
271
62
143
296
4
859
803
921
155
583
990
829
43
32
136
999
953
519
185
795
977
501
977
994
126
281
160
635
152
381
526
556
280
345
94
157
805
537
776
987
933
856
135
85
136
410
999
915
125
790
716
779
273
500
313
912
720
825
555
512
759
573
254
461
82
63
767
617
688
272
742
115
343
924
749
598
34
963
215
745
27
18
548
782
671
10
637
572
949
921
830
847
202
274
70
557
461
401
546
178
364
587
613
233
82
719
997
502
779
682
203
615
403
453
253
84
948
653
852
111
850
720
309
702
744
941
403
358
15
966
940
984
550
279
770
191
103
217
591
463
83
905
87
861
791
491
889
385
764
373
3
962
980
850
323
93
945
520
145
261
943
320
777
112
378
754
700
478
618
196
102
181
222
366
22
689
794
79
701
751
709
275
141
672
957
454
553
89
110
403
729
223
362
596
462
986
665
385
864
526
327
951
943
957
914
873
799
334
633
330
74
724
51
228
222
606
794
668
712
78
821
411
502
741
805
375
683
658
47
830
195
903
598
135
282
8
180
450
865
144
370
37
394
609
174
76
899
960
640
844
598
221
177
771
101
779
142
77
786
665
202
788
625
529
91
926
438
720
370
296
904
3
951
452
931
884
246
315
610
483
384
655
633
198
785
376
994
883
359
369
413
382
357
265
861
727
120
58
961
983
717
934
646
981
440
737
587
373
835
230
586
830
183
366
289
284
178
761
712
722
69
691
940
229
211
439
13
295
290
568
290
906
877
728
214
738
159
774
153
318
433
236
483
836
853
72
155
589
811
161
6
853
862
889
624
172
754
166
145
50
634
586
403
763
753
185
677
188
386
422
365
788
627
599
141
917
152
75
167
819
57
138
717
201
695
175
995
262
20
507
748
974
531
110
987
11
552
978
797
781
727
873
418
678
513
452
938
584
764
671
998
742
636
94
799
276
816
18
964
749
257
388
654
640
1000
603
1
873
48
456
290
645
19
822
588
497
66
607
698
771
422
751
395
674
543
927
487
113
140
713
795
454
926
271
716
150
971
858
642
330
401
249
368
277
355
589
647
9
103
298
678
802
143
9
848
286
69
448
446
380
454
825
989
96
865
473
827
246
685
282
859
383
587
558
307
249
295
96
842
805
372
547
83
798
502
725
781
924
447
974
154
91
753
826
593
475
189
863
345
914
534
412
548
824
934
760
148
921
385
826
398
465
697
332
136
6
212
797
850
267
469
204
96
128
447
748
346
861
387
39
179
763
618
825
3
979
492
159
119
332
210
61
804
479
79
300
670
991
54
285
751
214
743
206
820
303
542
454
967
896
271
630
755
96
906
360
623
679
210
655
49
956
280
919
204
98
772
313
482
524
742
505
904
121
50
9
323
73
556
120
602
860
714
170
874
57
900
918
4
829
600
300
705
611
213
522
698
503
529
570
555
37
657
48
402
258
405
822
468
988
456
24
877
630
706
55
503
313
218
624
8
976
930
208
227
622
960
340
680
462
709
576
153
388
499
434
347
207
538
225
769
468
624
274
969
779
573
677
154
318
522
703
86
919
714
985
345
408
19
903
684
720
549
820
846
527
33
975
930
616
409
104
767
420
72
825
728
247
316
260
170
994
279
552
157
750
472
209
269
409
714
736
539
568
50
190
468
710
263
750
395
796
987
664
380
363
291
279
578
618
162
288
49
608
50
808
403
283
869
4
949
254
818
507
147
634
469
934
165
910
875
951
272
129
754
11
350
701
741
151
324
222
309
128
776
942
456
480
735
599
643
946
169
875
101
266
714
352
74
314
516
533
885
608
883
541
354
322
23
816
300
877
618
679
783
902
73
752
23
473
949
234
174
98
584
874
451
380
999
327
22
266
327
811
988
296
584
848
822
973
142
741
750
574
144
339
881
274
383
600
24
387
87
176
600
50
862
140
694
13
689
320
214
612
540
90
356
233
433
884
42
246
764
480
71
738
540
869
426
404
42
564
429
385
92
852
894
394
437
859
803
998
113
330
109
965
898
186
529
968
866
91
591
427
433
417
693
338
864
18
794
647
971
500
403
679
510
819
720
641
364
680
733
932
977
232
511
863
908
794
651
450
698
169
440
103
807
178
267
397
530
657
941
208
236
257
16
105
946
373
897
234
729
636
805
82
924
613
301
821
922
800
498
825
347
804
949
96
525
931
188
516
782
441
657
687
405
461
759
620
438
203
100
851
996
92
832
504
426
933
419
652
842
252
471
635
527
420
355
821
163
633
454
756
150
222
230
148
782
295
580
391
557
449
96
62
759
754
613
725
545
382
332
474
299
582
513
83
820
521
997
770
635
1
117
276
44
724
982
542
177
565
316
466
849
52
221
132
9
828
616
973
19
785
513
87
603
257
42
525
957
769
157
434
375
935
946
851
606
659
164
464
870
983
832
545
769
216
909
355
204
219
661
269
862
62
450
244
631
585
592
583
299
206
397
445
434
336
489
771
560
938
506
368
234
124
723
883
334
782
15
636
30
860
267
419
61
505
225
579
962
350
491
802
681
133
88
1000
913
580
99
364
860
481
337
758
107
66
902
995
11
911
683
265
65
856
46
843
90
903
110
317
736
525
412
589
801
978
754
25
940
493
212
379
991
868
288
236
540
952
100
434
958
667
96
653
650
514
101
991
275
167
131
747
472
404
887
150
147
718
219
836
3
2
561
116
728
548
935
583
586
304
216
88
988
175
488
377
706
75
530
79
842
724
911
138
910
265
811
50
675
758
407
674
402
421
703
967
689
901
315
665
988
928
274
788
299
801
370
840
621
585
935
96
283
660
172
694
194
843
390
579
856
341
675
223
35
845
679
373
109
411
509
453
562
719
501
897
165
417
699
481
730
306
458
652
139
736
790
816
468
532
802
612
121
827
259
648
186
259
494
499
621
976
413
511
958
878
31
319
635
224
838
486
221
681
753
236
820
946
686
502
77
244
566
437
808
871
183
772
122
646
73
891
842
373
227
529
191
639
464
324
658
492
201
311
311
223
160
966
610
292
852
198
208
933
723
190
548
25
301
14
150
805
513
832
839
949
824
254
101
675
246
831
846
474
843
659
806
569
480
963
102
522
202
443
541
146
349
510
608
877
561
626
379
741
671
587
66
260
699
688
712
286
793
54
748
362
586
411
886
655
263
934
940
755
578
129
656
422
626
20
617
200
872
686
699
201
205
48
640
837
867
112
295
816
646
397
299
131
596
721
90
546
670
43
610
736
650
428
519
898
110
484
539
535
425
481
12
190
35
219
192
351
993
186
147
330
510
489
249
851
516
131
938
486
64
213
697
613
727
285
323
964
934
439
379
468
123
201
960
80
680
424
625
338
386
951
468
594
273
73
768
405
764
142
240
656
446
79
746
533
296
296
365
259
634
756
719
641
549
596
363
492
548
254
579
464
675
76
637
692
140
95
526
797
822
65
365
106
58
743
631
95
600
203
760
199
87
756
944
590
644
152
403
228
465
877
788
24
388
714
469
613
573
232
536
199
19
77
79
224
381
201
27
157
372
23
823
919
381
372
176
247
938
844
173
584
423
64
235
72
13
654
862
81
853
853
497
72
319
681
334
368
874
347
992
937
617
265
479
999
175
662
28
326
553
511
681
529
306
516
405
264
681
203
608
161
287
241
465
812
74
240
329
230
371
800
965
401
806
268
612
424
790
46
187
132
660
445
908
939
754
20
975
270
501
58
107
10
249
666
649
855
452
108
830
372
129
704
879
631
518
943
302
75
977
232
962
250
574
851
926
524
566
749
756
551
918
366
320
921
892
635
95
899
646
177
137
188
348
899
960
500
106
764
791
442
984
681
845
472
182
185
614
837
17
2
66
203
737
865
250
361
756
187
769
26
248
761
425
778
336
270
288
446
734
680
160
536
568
940
746
3
419
606
14
829
540
312
564
382
748
32
34
527
72
987
122
963
897
132
414
645
852
757
856
130
736
432
941
158
696
310
763
841
759
387
886
475
155
954
764
129
671
776
688
789
7
750
116
920
609
978
760
706
183
766
917
625
31
377
875
624
258
773
216
828
45
937
226
93
972
660
715
68
815
645
962
201
375
128
342
386
195
614
94
813
10
571
203
804
115
495
673
43
423
806
999
759
193
587
524
853
768
863
655
832
510
578
6
187
325
20
366
515
672
529
284
684
90
767
81
799
422
832
527
465
337
152
115
159
943
637
262
86
709
235
818
430
876
470
145
806
85
410
445
443
141
79
723
686
243
739
39
935
531
692
380
783
974
60
900
539
181
97
445
719
540
465
830
309
82
297
292
584
784
938
998
442
406
561
682
433
642
585
800
809
763
392
335
646
336
898
156
314
584
296
848
440
436
430
867
899
982
216
183
157
20
40
867
380
156
207
587
479
265
407
729
555
1
331
398
30
352
396
373
33
696
327
851
95
617
741
872
371
642
1000
429
609
52
499
761
355
926
196
464
809
773
409
41
726
194
725
519
478
833
425
397
615
841
317
857
819
591
621
464
732
789
297
753
944
746
277
162
609
787
372
857
940
951
264
606
903
990
791
19
466
444
762
493
39
624
945
872
217
99
524
792
602
195
75
301
428
917
569
426
820
685
475
39
278
223
811
761
293
531
810
850
846
346
147
421
208
5
140
962
822
662
605
45
542
936
415
914
14
838
913
521
39
475
31
825
300
711
530
113
959
731
298
722
839
955
973
81
192
250
404
385
244
872
542
144
309
524
227
616
176
718
524
111
431
393
759
293
374
591
278
530
928
316
343
174
544
128
879
304
434
114
928
972
941
721
467
341
350
451
224
982
585
745
520
771
640
930
387
394
381
733
643
732
195
303
316
256
849
658
320
969
104
775
256
962
884
59
454
152
929
875
326
702
522
135
687
438
446
395
420
197
438
60
676
667
585
591
667
42
297
213
776
637
212
645
710
104
596
159
347
513
531
889
812
806
411
272
852
129
901
508
411
654
586
940
371
354
809
328
872
952
689
995
231
408
774
156
341
600
781
211
588
634
840
832
805
923
520
537
327
990
249
977
650
153
457
597
543
844
283
250
753
118
270
355
142
865
527
220
590
74
929
769
929
875
515
928
754
96
238
800
326
316
946
401
326
972
297
328
831
446
685
537
756
999
645
672
12
966
188
762
800
316
738
187
361
868
673
303
955
119
273
635
672
689
947
802
481
321
567
870
784
321
606
464
652
215
613
458
653
307
914
207
919
486
868
239
213
772
214
172
273
780
425
102
60
462
666
733
397
316
184
626
769
578
329
67
32
835
268
919
941
59
258
810
265
566
431
932
588
803
262
134
37
846
829
360
65
485
592
930
70
463
429
926
728
495
438
442
243
543
110
947
222
796
768
455
6
238
617
899
627
848
601
436
676
819
759
679
222
797
745
837
573
772
753
195
125
828
91
410
308
727
414
157
68
463
744
129
679
411
309
723
295
554
375
177
465
416
102
754
735
614
254
573
40
625
429
189
495
28
86
438
209
134
87
97
818
651
654
280
798
900
907
384
189
293
471
500
415
593
256
787
838
619
136
159
323
805
373
959
652
716
795
519
737
958
632
484
372
865
615
585
137
817
99
624
118
439
999
741
926
333
816
231
329
599
697
690
583
588
139
807
150
407
436
458
702
291
47
52
755
124
708
628
455
915
41
124
831
718
332
649
95
187
152
898
274
670
766
645
273
303
253
137
913
75
220
117
95
433
680
604
749
409
311
940
257
541
746
225
997
568
429
100
159
277
884
30
718
538
690
57
13
477
110
582
551
483
539
741
486
270
322
883
835
436
859
739
216
913
396
564
582
56
60
17
152
596
884
884
503
246
833
891
41
571
973
700
557
899
665
326
585
739
315
972
385
27
826
562
323
402
459
307
393
642
709
226
135
625
441
223
792
367
40
482
260
715
346
725
664
207
279
563
396
583
406
869
20
225
500
635
281
407
2
802
947
589
989
590
619
563
192
595
355
542
914
616
77
919
76
472
262
103
337
940
231
92
365
43
713
110
627
459
744
985
183
323
716
886
840
518
529
330
577
456
980
545
542
106
248
5
274
155
492
937
990
707
9
236
874
229
951
632
795
954
239
721
606
704
189
810
776
687
684
351
737
336
979
38
61
143
864
732
204
42
786
382
289
488
950
129
321
482
543
914
777
768
28
36
97
318
599
773
313
751
354
408
38
741
867
797
845
820
128
548
190
379
513
518
343
131
145
721
10
872
385
37
256
553
706
636
957
823
638
94
121
213
856
230
287
164
374
577
602
114
962
700
552
11
124
413
80
185
999
994
986
400
333
898
778
216
591
659
851
35
825
712
841
97
44
957
852
640
362
934
931
446
165
374
479
972
367
665
561
209
155
290
283
354
270
770
950
302
414
85
68
275
264
353
807
681
877
937
602
287
223
682
594
502
800
156
532
700
857
776
17
305
117
50
425
792
325
165
426
643
462
420
826
650
813
325
766
221
985
659
715
616
332
362
126
275
127
534
398
212
924
322
113
970
855
313
630
996
109
876
566
982
741
236
665
272
214
278
250
853
120
981
400
277
244
174
181
45
897
994
540
542
417
797
53
449
595
654
811
601
649
935
251
138
288
375
609
336
154
40
940
824
643
158
481
9
342
918
296
64
230
112
224
336
18
163
74
574
85
556
984
272
444
917
503
650
454
210
387
380
86
352
313
840
221
467
415
96
402
780
623
179
50
56
690
719
544
225
717
350
548
416
402
309
285
904
270
228
717
657
657
103
792
920
455
622
930
108
535
497
784
157
58
847
914
280
41
873
337
4
123
237
65
572
444
923
566
21
9
930
149
612
308
546
723
608
160
693
121
111
815
428
753
611
573
63
644
392
623
605
449
627
609
134
508
884
13
661
975
228
204
89
565
493
531
469
557
201
532
653
399
717
315
381
947
841
216
914
364
402
675
863
579
547
150
300
926
564
886
819
284
190
208
48
193
904
480
938
325
858
259
900
826
530
311
468
781
851
282
790
780
933
802
683
169
80
107
838
586
893
353
890
517
777
875
531
444
125
628
772
58
36
337
324
684
615
655
544
2
446
673
27
560
399
846
240
509
286
410
408
193
697
983
187
428
669
751
406
572
69
138
979
3
40
3
27
167
957
694
274
783
695
951
184
947
162
22
782
712
141
506
422
244
377
887
229
583
296
734
54
54
632
755
983
681
219
74
606
97
742
15
561
34
425
128
182
877
853
239
533
588
710
984
49
828
62
999
828
852
255
962
268
908
678
754
587
809
548
240
835
173
457
160
407
74
8
613
829
856
755
666
918
172
480
850
111
580
280
731
219
500
203
773
884
88
748
834
362
11
17
316
574
855
163
621
610
622
857
849
75
735
959
501
806
633
131
565
51
81
652
337
543
512
696
267
971
674
262
262
892
20
905
679
640
536
167
823
801
78
434
292
614
496
988
936
219
617
658
258
268
288
631
809
127
588
102
461
492
422
416
528
809
782
483
529
838
983
626
635
44
328
352
899
961
618
397
556
378
533
700
198
137
66
307
354
369
280
332
286
949
439
90
89
189
575
483
919
840
25
353
497
445
266
288
401
282
24
381
146
280
877
522
419
118
318
872
354
456
227
646
467
788
793
502
518
856
997
511
614
549
346
939
55
99
357
216
489
100
216
619
819
359
246
192
992
208
946
962
923
773
645
688
587
68
517
984
742
130
190
730
760
497
685
613
228
885
963
663
158
833
536
893
596
633
108
1
42
21
773
329
109
576
906
574
334
391
121
569
427
331
174
128
837
527
814
598
322
327
833
958
730
341
127
542
298
514
967